$ANSIBLE_VAULT;1.1;AES256
30316531383530626539333065643135336436303033646335663837316365653863393233316438
3633303362353564376235643035316632333065363234370a616637643233313831396463353638
66336535383661366139613131623836643631303035376537646265326238356437316665373436
3264643131613563340a663730383737633062396164623635656433646462613436633434306361
34303664663336343063663063383034663439313530306233663937373830663863353162303561
30633738656137396130356133303930383362303838623665366437653834396631393039386665
66653634626531653832623839633862636634326238353433623566323463636137393136653561
32643761353032653335653163343638336639323230396334383666343662636563366265626232
64306161333733356130613866333530303265366665336664656435346531643839386665343733
36303839303232393065643065663831323761313639383861326465323630663430356535643333
61376234316639326639396161653765303866356263396564616438343865306165363133656463
65376535323034333932333066643731353033363633353632393333366537336162303665613137
31643236326662373335373533643236366233623866386530323630366662373337626130346265
62313166333564306333643132303264336363303264616334336264663566646163373538613535
34393461373265663632326531333766373330316630373136333134333933343938346431633262
36333338313638326639346139306437623733366433333631353066656161393339623237373935
66333538363361666539343330643464353237346161363830373733666332623235343666303566
31663139353262383036613766323732636137393832383764633962316437666266643037393565
65343137663736366164666232386363336330366338363735383036373137323439313337373661
64333166383062313966303962386463333863303832393665656565316665333762616533636335
30666264323731333730656664636462646163393766623339323236623339326334303935666663
30373534356564613536336166396430653362663537306234303161383639343339336230363262
62306461323861636338613463396237623736376561366664386163643361366361306637343535
65306566376666623635616434653562633937376536373132656665386334366638333866376339
38326162343865663135353730656430323964613033653535613130633630346331346564626338
36303363373632316662666466653736383430386635653462373331313433353463363831313263
38633061616336613066306363366133393530623130396136306337623039653164663963646638
65623733396530643735336431383961306266646230626662303663333736663336663932363735
32666232623339626463343062333336393037623266636532656565646533383661636238366463
33323532653063313531623635386332643637343536663162613737353461366634353766313130
38623633623032373834386264613934323635616132373464343439633335623866346562363138
65343135646131303264313764303631333030363762623662386437353534633031663264303939
38353166663230303035333031363830643666313830666131653032646238376466393037393065
39356535303363323237363035316430333032623861396337383264316136666539633230343461
66633230346231396330346639383065343839643937666634663638363635326364656633633761
65316361646362633235376530393436373065366636363264656663333664626336363065353937
37336332336666353130666437666634626666353932303964396334323139616365386432356438
31306630316365393130633864386434636434336536316437333962663732366433623461613961
64656639396363353333373865323637363962633434333634323930333261313162353461393238
37643830396137613939393434376333306432656339326434663534666530326435373963376166
30383065363635346633646636303435663462326666613466663861636333643432663534653537
37613933313738633938383532313335633962373766336531316438363866393066303333663639
37373631613763616335383666363465373062323635303133383862353033343064393762326437
63396161643439356533373239623132636332623637336366656465643031343234343837663330
35623434343562626436326232646338336132383861633762386138396132306438373535623866
34623638613237616537333466346363363833396636616361323832353931646535616261313765
36303130663139306266653235353937373833623231353061646532623536336161656232383539
65653338643734623864343361363330323466363537366432323266346365643435356163343735
64343130353233313137613339326638376361626435646537613131323338363938303336633730
64326530343632333965303132333765623861376463323638633535336664626662373332626530
34393430356330613036373862326633623133626664623061623036323830336665396238643065
66616465363964623034376632303738613263306635306435663863336635343866663238623136
64643938343637633838626630323938643337373263666636613465383261643566326137666537
34316164373764616661343763356330303339336138366437366365353339383365656434396464
37323165373934663730383664373434613334613132363266373362316265323339666666663137
61383537373665636630663735656633303462366437313830316539396439343761326366303461
64633961393138376631396135386236643535383631306635316635316638373236633532333434
37313138383036376531643961636565336539613362316263313364303232616139663539363664
64316237386165623864333366396331326432313165363331356534643861626538373036633739
38333963393439353266656661656262373932653239386631333737343033333261303265653938
33666461323931303762613763303934653264363731353762343764333532636164343336386266
61623130383166366166666431363862386632653535633339663837313432663835663833363631
64376464383763316132646130353334333335643666623666306539386638366332643963653661
37343738303836366339343837653266336266353238646663333934636238333264343838346632
61336439333837316531303333653739623963623037653932393038393532383937316235333566
37646539343734323265653064363738613736656634336461343537613432313164636563346465
36343930326433643935323864613636353262393035383032653365343133303635653334643162
32383230373162636366643566393361633666666338363561313666633633363061393732633565
37316133356235303238333735313862393862363965393962306638316135323531303939383736
31613930373139666239343037626261633134643463646331313638363937303432393464356239
32323232366362336538313233353462646134363966373264313939616130373639346433383065
32666536313136356633376637643164366462363539383064613666333664653634306433303364
61633735386533393030323864313166353165306362376563366239663861343364653835653164
62366534623638333033393636626466613564303536613834336666356636386633313561613038
30306632376163383930393166373861316265333064653632666664336439663134616439613566
32343766303235393138323035363261306330353537353265376465346165316566663234663235
31643761373463333164363032313830343965633137353863346337386466636266366437656561
34363339313932336133336365306465646632326165393233326133323935613861373765643438
64613664326135366331626537663933623763343030656434326135383037386636343530353361
34663763383464333664343961333939643761643761663432643433633136373762346437336465
33356261343464383238306230643936666337633430323566646438326463313839313730643834
37303230353461643638656630653435336632616534376561623632303364393939393034373731
63616631646537336635303563366437626132373461346434346466613530363764386438336438
39333964303966663566393838623834313534393661333034353965333765356331303164353531
65333031666336353039316266393930363239393134633636656138616334343836316137646438
35333237323064303462303661373230343261303363343335616534656532346262633361663831
32393566666531343838303730303034346335616164303237316130626566313436666564666236
39666563383533313532303865656130373766316631363239336135383332623763356433633465
63663230353465663562346662336435653733363931336539646365666165346161306233356635
30633633366131663832303733333930393130333330656135333733623863306638643466363661
39393631323639316630326136363262613630336563646166303661613866636633653231333032
35633539313861356439346565333435373935633462343135373837336139643563623065373764
63653938656163356232626334326164323366383135313266646438636237333737303065316335
61313638646331373561633561643266393463346637613534303334343437323432353162383864
62353739643736636465313734343932343161666338363364343462366362396632343266366466
61623635633362653564376536323763326135656366366133363237383435616163303462663131
61323438373738303537633836303665333866333161363935343862393535376534616131343761
36663639666463623432396332366630316466643936353931386535343137633839663630383232
31383434663838396631623938636165636531373566616534386236613065336434613731623863
61303539643662346262306564666232383236616264323734623062376562346337386531623537
61316235613863643864333763306634373938316163326231306435363065623230613537616661
36613237303336636563396436316266643738303638376166333266666131303534383166313237
33346666626265623138373938666564363237383665666437666130333361636330653162313862
34633839323333343235346664623066613132303266303332323162616661393061653864626337
33373164393435333762663862343737353562353164333962316262353933643731336262633434
66653536303733313466656466366330366338343433306264336263376461356231613337616430
61366339666338333063303736343634373435613963663830656232636362316264613938636139
38326664616535303932626331613632393538333964616531613464636562383038373831383638
62393264633965643334333932643861343735386432343431663866303935336139663932376631
37353936646363313964313939366430393438636563666134383266346332653262373834333539
39626433323461353537646338666239653031313065646636336235376534616432656231313461
30313030336363393363633663663739646638623963393139386433653336353933363438396266
31396139633135663163623962363536346539633635346137393931666432313438303338326438
37663836356132616435353162393564653862383765376663663466303534346239386465653538
34633835303062356439393433393138643039663466386663313136613732363038656538613933
35333766343661396333323831656266346234306661336338633765316236653336646362303639
30636265343264356233613661336433646634663737303664373566333133356335346638376362
36313431323063396333393364643933393032343966383635393465313962666662376638616662
66623161663962666331636462663261313765663030666137356532303035323165353330643466
38643762393831373030613639663966613966653736633066343534393066643132313435356331
39396464623162366335663061333338316434626363366462313965386662346432343263353263
39323834643663383563323338343962303130333836346632383631363236386335386636313365
62393734633162323937313435343730396236336432366539623637373230316664313564336531
38656366396364636363356164613635383333343865313037316239613139396266626563646232
38623334653630346132643033396131653937306631393766386430346230633434303131303732
39646661343031333136393662626461663835396461383830616466653234306163343332326566
32326332613634666437303965356138386666386435383735376534373863336133653137323232
33353432393733346435643838396534316339623138353936386336363033386662333735643431
32336433346439396266363365343230636565633837623139313336623263306162323763356563
30663639356432393530316163663335383235333738386634356233386561633537626263333863
33313835363736623962343332613533366131316461333730376632396139663730313232366230
33633235396433616432646265303838323638373863643036383566363235613435356530326236
66356432663934353662313533356338303961313337373232306434363331353236613664386338
66663738393864656432333865346235333031666264353266323966363030323232393136383363
61343862613132613739366162623438383763303366643430396135323038386565353837353961
31343262373837643464643632386539356634623766346338646430303630633362643334373964
37383966623362333030343735356265363833376531326532393361326531333965663732353966
63646531646462323466663333616533623338336163373961633231636462636363656538346163
63623539396666366135396264383965386265326330356133666532653862303965316434333265
36373534306661653132316264306664376361633063333536613261393733373338653331383131
36343230333833643637613834363332326131383461313065346539666162633861323666303962
36653564366134306231353133303363626463346465363636633337383365386235333235656532
37373261346137323234336135663631356239376438303837393132646635303163316338646234
61303364343434376264366534346463396466653234663133616138343064373438313235303936
31343438323937626266306431653966333439356337303265373937346439326239616665313639
64313730666365303438613532643839356364326631306361356166626363323036393632616365
35636166373939643964373937373363343333636161303838393136313934663737373739653039
36616131336539373332346138646238626333663139343662633434303735393932386237633538
36333762613732626233643161303336646239623332333135323832336634346539656362666432
31343062326261633634316666623137643864306136373235383666623065613230653335333232
64353131613064316334393934383766663536363865633365636164313463633263613936326633
37346637616131363131393834313261376632383932306632623863376130613239643634663839
66633066323533633634386166633937663935346165343161336232373034326565306134646634
35356334326230643437613530386362656131623431353831656261663232366234643437643937
36376234363030613165326362346138643131306630363739353766666539316234363935623430
33373436303164626130303833623462303363623839386633613434663263383637336461336161
30623539303065623536303636343334633639646465646366363439336264666561323363363835
64633532663261663665613137643832323631303731346263306532663764313866663363623930
62386562363737613534313234346536663430306635346566316533623630353138383162656665
64303361393637663566346330623264363066393334343464646165363738303362383061396530
64633235363538396165366364636563633638373633333661643661616133323531333235653533
61623834356466396463636466343732663335353966306636666361343763663633656238643665
32363138383034373439643165343638646166303632633065613561363366666566636236646562
34353030303832333634383330316261646562656338346461343465303433366365353337303037
63623634646166353161353563363335306531366231323436353938303266393436353063363363
35643561643633663336383465656164353066613133333034393037323137626234633634613662
32303233333764313765643866373835626462373537363831336137626133333234636235643434
64343333373661393563323364316437656330383235346463366165613961373466373831616663
66346333336133353634623430666261386438396462303361373865303163343532343061626235
31353733643434633164363963353732346334303864396237376262323939326332316338363333
37336161326330386630646431643564613265373065313339313437326637613832366136303836
33366563626366656632666261353935376336333036303663363137306638626463373832633433
39346665333637656261333033373437623431353163393736376230613935383237
